
[Ana_Daniel-6.jpg]
filters=tilt=1,0.098814,0.000000;autolight=1;retouch=1;
moddate=0026f5b42b79ca01
width=3504
height=2336

[Ana_Daniel-389.jpg]
filters=fill=1,0.327103;autolight=1;autocolor=1;retouch=1;
moddate=009254f83579ca01
width=3504
height=2336
